method truth_size_definition truth_size_bin truth_size_bin_label truth_size_bin_left truth_size_bin_right truth_size_bin_center n_truth_events n_success efficiency efficiency_err mean_truth_size median_truth_size mean_n_truth_U mean_n_truth_V mean_predictions_per_event median_predictions_per_event
CURRENT 2d_area "(-0.001, 1.0]" -0.001-1 -0.00100000 1.00000000 0.49950000 496 10 0.02016129 0.00631096 1.00000000 1.00000000 1.00000000 1.00000000 18.68548387 11.00000000
CURRENT 2d_area "(1.0, 2.0]" 1-2 1.00000000 2.00000000 1.50000000 712 69 0.09691011 0.01108690 2.00000000 2.00000000 1.50140449 1.49859551 18.99016854 13.50000000
CURRENT 2d_area "(2.0, 4.0]" 2-4 2.00000000 4.00000000 3.00000000 1067 374 0.35051546 0.01460682 3.85192127 4.00000000 2.04217432 1.97375820 24.73664480 16.00000000
CURRENT 2d_area "(4.0, 6.0]" 4-6 4.00000000 6.00000000 5.00000000 1135 558 0.49162996 0.01483922 6.00000000 6.00000000 2.54185022 2.45991189 24.21938326 16.00000000
CURRENT 2d_area "(6.0, 9.0]" 6-9 6.00000000 9.00000000 7.50000000 1217 675 0.55464256 0.01424675 8.82497946 9.00000000 3.08299096 2.92686935 25.93919474 17.00000000
CURRENT 2d_area "(9.0, 12.0]" 9-12 9.00000000 12.00000000 10.50000000 1093 660 0.60384263 0.01479400 11.90942360 12.00000000 3.90118939 3.34217749 25.85544373 16.00000000
CURRENT 2d_area "(12.0, 16.0]" 12-16 12.00000000 16.00000000 14.00000000 925 611 0.66054054 0.01556943 15.72864865 16.00000000 4.06810811 3.94702703 24.10162162 17.00000000
CURRENT 2d_area "(16.0, 25.0]" 16-25 16.00000000 25.00000000 20.50000000 1332 916 0.68768769 0.01269808 22.14789790 20.00000000 5.30330330 4.44294294 27.33558559 18.00000000
CURRENT 2d_area "(25.0, 36.0]" 25-36 25.00000000 36.00000000 30.50000000 762 569 0.74671916 0.01575442 32.50131234 30.00000000 6.38188976 5.36351706 25.79790026 17.00000000
CURRENT 2d_area "(36.0, 49.0]" 36-49 36.00000000 49.00000000 42.50000000 449 333 0.74164811 0.02065768 44.85746102 42.00000000 7.44097996 6.26503341 22.21603563 18.00000000
CURRENT 2d_area "(49.0, 64.0]" 49-64 49.00000000 64.00000000 56.50000000 228 185 0.81140351 0.02590704 58.35526316 56.00000000 8.84210526 6.81578947 28.56140351 22.00000000
CURRENT 2d_area "(64.0, 100.0]" 64-100 64.00000000 100.00000000 82.00000000 174 135 0.77586207 0.03161370 81.31034483 81.00000000 9.52298851 8.64367816 25.44252874 20.50000000
CURRENT 2d_area "(100.0, 200.0]" 100-200 100.00000000 200.00000000 150.00000000 43 38 0.88372093 0.04888483 120.53488372 121.00000000 10.97674419 10.97674419 35.81395349 29.00000000
ML 2d_area "(-0.001, 1.0]" -0.001-1 -0.00100000 1.00000000 0.49950000 496 172 0.34677419 0.02137048 1.00000000 1.00000000 1.00000000 1.00000000 1.95564516 1.00000000
ML 2d_area "(1.0, 2.0]" 1-2 1.00000000 2.00000000 1.50000000 712 361 0.50702247 0.01873644 2.00000000 2.00000000 1.50140449 1.49859551 1.91151685 1.00000000
ML 2d_area "(2.0, 4.0]" 2-4 2.00000000 4.00000000 3.00000000 1067 692 0.64854733 0.01461578 3.85192127 4.00000000 2.04217432 1.97375820 2.19212746 1.00000000
ML 2d_area "(4.0, 6.0]" 4-6 4.00000000 6.00000000 5.00000000 1135 868 0.76475771 0.01258988 6.00000000 6.00000000 2.54185022 2.45991189 2.19471366 1.00000000
ML 2d_area "(6.0, 9.0]" 6-9 6.00000000 9.00000000 7.50000000 1217 964 0.79211175 0.01163223 8.82497946 9.00000000 3.08299096 2.92686935 2.26869351 1.00000000
ML 2d_area "(9.0, 12.0]" 9-12 9.00000000 12.00000000 10.50000000 1093 917 0.83897530 0.01111759 11.90942360 12.00000000 3.90118939 3.34217749 2.05306496 1.00000000
ML 2d_area "(12.0, 16.0]" 12-16 12.00000000 16.00000000 14.00000000 925 792 0.85621622 0.01153655 15.72864865 16.00000000 4.06810811 3.94702703 2.10378378 1.00000000
ML 2d_area "(16.0, 25.0]" 16-25 16.00000000 25.00000000 20.50000000 1332 1151 0.86411411 0.00938903 22.14789790 20.00000000 5.30330330 4.44294294 2.21096096 1.00000000
ML 2d_area "(25.0, 36.0]" 25-36 25.00000000 36.00000000 30.50000000 762 672 0.88188976 0.01169159 32.50131234 30.00000000 6.38188976 5.36351706 2.27296588 1.00000000
ML 2d_area "(36.0, 49.0]" 36-49 36.00000000 49.00000000 42.50000000 449 392 0.87305122 0.01571126 44.85746102 42.00000000 7.44097996 6.26503341 2.35412027 1.00000000
ML 2d_area "(49.0, 64.0]" 49-64 49.00000000 64.00000000 56.50000000 228 197 0.86403509 0.02269926 58.35526316 56.00000000 8.84210526 6.81578947 2.43859649 1.00000000
ML 2d_area "(64.0, 100.0]" 64-100 64.00000000 100.00000000 82.00000000 174 146 0.83908046 0.02785682 81.31034483 81.00000000 9.52298851 8.64367816 2.55747126 1.00000000
ML 2d_area "(100.0, 200.0]" 100-200 100.00000000 200.00000000 150.00000000 43 32 0.74418605 0.06653783 120.53488372 121.00000000 10.97674419 10.97674419 2.86046512 2.00000000
